10 11
110 111
210 211
310 311
410 411
510 511
610 611
710 711
810 811
910 911
1010 1011
1110 1111
1210 1211
1310 1311
1410 1411
1510 1511
1610 1611
1710 1711
1810 1811
1910 1911
2010 2011
2110 2111
2210 2211
2310 2311
2410 2411
2510 2511
2610 2611
2710 2711
2810 2811
2910 2911
3010 3011
3110 3111
3210 3211
3310 3311
3410 3411
3510 3511
3610 3611
3710 3711
3810 3811
3910 3911
4010 4011
4110 4111
4210 4211
4310 4311
4410 4411
4510 4511
4610 4611
4710 4711
4810 4811
4910 4911
5010 5011
5110 5111
5210 5211
5310 5311
5410 5411
5510 5511
5610 5611
5710 5711
5810 5811
5910 5911
6010 6011
6110 6111
6210 6211
6310 6311
6410 6411
6510 6511
6610 6611
6710 6711
6810 6811
6910 6911
7010 7011
7110 7111
7210 7211
7310 7311
7410 7411
7510 7511
7610 7611
7710 7711
7810 7811
7910 7911
8010 8011
8110 8111
8210 8211
8310 8311
8410 8411
8510 8511
8610 8611
8710 8711
8810 8811
8910 8911
9010 9011
9110 9111
9210 9211
9310 9311
9410 9411
9510 9511
9610 9611
9710 9711
9810 9811
9910 9911
