10 42
20 187
30 619
40 1399
50 2519
60 4198
70 6508
80 9658
90 13492
100 18432
110 24274
120 30853
130 39183
140 48507
150 59667
160 71922
170 86266
180 101880
190 119582
200 139479
210 157419
220 180914
230 206784
240 235188
250 264422
260 296076
270 332286
280 371210
290 412295
300 456914
310 504313
320 555347
330 607616
340 664505
350 725304
360 789833
370 857017
380 928999
390 1002439
400 1082211
410 1165936
420 1252600
430 1344757
440 1440112
450 1541082
460 1646651
470 1755270
480 1869824
490 1986226
500 2108561
510 2238265
520 2372770
530 2511524
540 2656589
550 2806436
560 2958203
570 3112987
580 3280117
590 3452387
600 3631951
610 3813601
620 4004930
630 4202999
640 4407469
650 4618274
660 4829858
670 5053412
680 5266881
690 5504333
700 5747552
710 5999192
720 6257987
730 6522991
740 6796418
750 7073552
760 7361377
770 7656946
780 7960405
790 8270979
800 8589984
810 8912679
820 9232893
830 9573925
840 9926269
850 10287058
860 10650650
870 11025964
880 11399521
890 11794565
900 12189385
910 12602704
920 13019773
930 13443112
940 13862706
950 14313390
960 14762832
970 15228702
980 15708202
990 16179612
1000 16679084
10 9
20 19
30 454
40 1213
50 2432
60 4192
70 6597
80 6676
90 6765
100 11687
110 11796
120 18891
130 27123
140 36775
150 47884
160 60414
170 60583
180 60762
190 78626
200 98250
210 120005
220 143842
230 169877
240 198206
250 229055
260 262229
270 298499
280 337063
290 337352
300 381737
310 429104
320 480129
330 533819
340 590746
350 591095
360 591454
370 658899
380 730006
390 805855
400 884914
410 968723
420 1055537
430 1146737
440 1242189
450 1341989
460 1342448
470 1452585
480 1566320
490 1686097
500 1686596
510 1814621
520 1947545
530 2085839
540 2229658
550 2230207
560 2384582
570 2544667
580 2710092
590 2881432
600 3058504
610 3241693
620 3242312
630 3437962
640 3642432
650 3643081
660 3857701
670 3858370
680 4086304
690 4086993
700 4087692
710 4088401
720 4344160
730 4607164
740 4607903
750 4885292
760 5173592
770 5174361
780 5474601
790 5782601
800 6098196
810 6421088
820 6752873
830 6753702
840 7101617
850 7462397
860 7826916
870 8199471
880 8586140
890 8976074
900 9374846
910 9783290
920 9784209
930 10216089
940 10657314
950 11101984
960 11102943
970 11103912
980 11104891
990 11588341
1000 12081400
