10 3
110 7
210 11
310 15
410 20
510 25
610 29
710 36
810 21
910 24
1010 26
1110 29
1210 31
1310 34
1410 20
1510 0
1610 1
1710 1
1810 0
1910 1
2010 1
2110 1
2210 0
2310 1
2410 1
2510 1
2610 1
2710 1
2810 0
2910 1
3010 1
3110 1
3210 1
3310 1
3410 1
3510 1
3610 1
3710 0
3810 1
3910 1
4010 1
4110 1
4210 0
4310 0
4410 1
4510 0
4610 0
4710 0
4810 0
4910 0
5010 1
5110 1
5210 0
5310 1
5410 1
5510 1
5610 0
5710 1
5810 0
5910 1
6010 1
6110 1
6210 0
6310 0
6410 1
6510 1
6610 1
6710 0
6810 1
6910 1
7010 1
7110 1
7210 1
7310 1
7410 1
7510 1
7610 1
7710 1
7810 1
7910 1
8010 1
8110 1
8210 0
8310 1
8410 1
8510 1
8610 0
8710 1
8810 1
8910 0
9010 1
9110 0
9210 1
9310 1
9410 1
9510 1
9610 0
9710 1
9810 1
9910 1
